tile        air%  spans  solid%   cap1  exact  save%  |   cap1  exact  save%
                               --- all footprints ---  |      -- where air --
-11_-6      26.8   0.27   99.45   0.69   0.68    0.6  |   2.57   2.55    0.6
-15_-7       0.0   0.00  100.00   0.00   0.00    0.0  |   0.00   0.00    0.0
-3_-4       26.9   0.27   99.41   0.71   0.71    0.0  |   2.65   2.65    0.0
-3_-5       27.7   0.29   99.26   0.82   0.82    0.4  |   2.97   2.96    0.4
-4_-4       23.8   0.24   99.46   0.64   0.64    0.0  |   2.68   2.68    0.0
-4_-5       27.1   0.27   99.54   0.62   0.62    0.0  |   2.30   2.30    0.0
-5_-11      27.6   0.28   99.45   0.70   0.70    0.1  |   2.55   2.54    0.1
-5_-4       24.5   0.25   99.48   0.65   0.65    0.2  |   2.64   2.63    0.2
-5_-5       28.6   0.29   99.47   0.69   0.69    0.0  |   2.40   2.40    0.0
-5_-7       25.7   0.26   99.48   0.65   0.65    0.0  |   2.54   2.54    0.0
-6_-11      21.6   0.22   99.61   0.52   0.52    0.0  |   2.39   2.39    0.0
-7_-12      23.4   0.24   99.60   0.57   0.57    1.2  |   2.45   2.42    1.2
-7_-5       26.8   0.27   99.48   0.66   0.66    0.0  |   2.48   2.48    0.0
-7_-7       27.1   0.27   99.41   0.72   0.72    0.0  |   2.68   2.68    0.0
-8_-11      28.0   0.28   99.42   0.72   0.72    0.0  |   2.58   2.58    0.0

15 tiles.  mean saving ALL 0.2%   mean saving WHERE AIR 0.2%
  mean footprints with any subsurface air: 24.4%
